$ANSIBLE_VAULT;1.1;AES256
33653131363931623632373138343538663633623364366236323065616162353264316239666564
3731653433353037366431343462323737366639313134310a633238653561626239376561353630
66356430343631623931653161666639396439636331623465393265643832356433613361376562
3432366232636561340a313266393935636462356664616130323434326132663030333036636534
30653034393039633061353539643531626661316438373034626438616466623138653937623537
31326431626538653263376661363264393664333066383838613530656436313764373832633538
61653564366165383032363036633936316564326338343730623262333439646235386330666638
61653435336165333535366461363134376332636138376562623134313433666537633961323362
64353737646134353534356539376332616634323832373662323435313031303532646661636165
61363865383139613765353733313864346530353530383961323730326538663031613065373163
37336530323936616262363636646465343164666661366239666566366135373234633964343138
35383134316534366431656230303336326263633930633665306533313166386661356166353636
30323937303066313533356261376464346264633465626162646133613364613662653430336262
65353732313461343134313631613961623666396662626133323362383963656336376534616463
37373137663538323532623164346136633265313166616462303761323739363935616235383333
38613066336530663038376262363833613662653864646232353835353565396239313264356364
62633861636163666666313238396265653030646663383734356662313938346231643765373962
36623030616634663838316263393966613264326264373563633530306139393333666230653336
31613832383665303261346664393165373038656237623235616562613935663766656635633732
61633362323338346663376533343236346433353734306133383135316662653761656161363563
64626638376130383538623639313265656535663533333262303037633766623932383037306439
65386236333930306531643165363931323833313835363832643138306662353838663561353263
36336234656231626165346331616164623930663936366564373662346136633730306433636136
38313638663339373733343433353432663062383331363330616466343136383063626239636139
38383735303634343037643562386539396366353130626262653834633033383832653637653462
64353862656562653236353464316330363465353635303536663466663230373566633633343735
33623835633433353236303964656262376130346333356238613033623037366364346236636238
61653338396438386162393461633365303436306230663230323530616436613735356238396139
66636231373635383166636134626162656534646364353430396530636133613132636135323731
38643134326637366265303830303938616264633762633066663931323432396164623336616637
31656261303635323263333036343635373537653332303131306163313230393562383839366662
32613137313463343035316138393162383234643038653333333165333630393066313565323432
32663563396635383765343434303134346262653331386333666332303165653738333034663732
64326238313962623338653537633235303636303437393534313464646331356635623031626231
66626232316538373133316561333639353139396261393831643961613730383232363231373935
65383130666365356634313363353833336265663363343433346238643937313064643036616239
38653135326662303866353930353132336663346236396131383466336436313461366233383964
64353836373662356664653662383634363163323430633665623636323538626362373035623639
63363639386236353364396165353930333232643464313539386430323365656631626432623735
31376161323036356130656665666362386536623937353237666137653039346363373935336163
37613362326265643936363461643133373133393732643630633636663933653762376564366333
66643533646633623737306261303731383762663331653138396238313438303961316262653665
37393430623763333065636636653064376133353639333863363236326462643261623534366337
39343238323038633339306362343963653031623833353966356432323364333236306365353334
37326363303961653863623733643862306635626163656537653462616432333765633339623063
34613331363462653637643366323831626165373864313331636435303738363166313335646466
35643131303065643961336430353937653031633730643730303537616139626135326639616264
31626162663732626464613930643535303766613635366132346466646531343838376337303562
64616339663065363734373063663165326664326638623761313534613762373930366438666362
65376437383230386438663438363564393764623463376434363239396239343466633830333133
37356436373537376462633163306137366536343861383131306565616536363931343163616131
36636564643138666662653163653039363261613336306131323836383039656230313230306430
64326634653766633734613931363931363366336166313232653339353333353062663539633432
61326463343639393766333830646138653934356132373764616465666335323064613766333036
30316538663563306338343136646263333534613337363635393235323734636233326561663531
38623466316666616461643833653433666436663033626339303737303933643938356463303532
66333363653061613234363734306231616266373562363931353339393736313165376131643835
62373363323539313132363333313533653063393534366562643737363262363866636234376461
63373231346165646134386266366465653536303339653263336663316232356164633233346533
32306130333362353963636535376166366261356262343739353231653736366364336362343862
39643733653839316339656664383837333939653833653437323735356237613731363034373837
31636637326661303662303066646131303734653439356432356633356433613531623462613266
61333533616239323737643461323165343366393934323233356531346263623432356162653563
62353230376466346163656362633037396161326463313630623136653338626530613232353465
66653435333138366232373236313336326166306664633035313936623735333065616566626533
35376431626163386631616430333265353535303433343662626330323239653934636635633064
61356332343436393531643939616663393466653164373064306231623738323564663039383466
38336261386664626264613764333863313532343063336637313763336135636662633962333331
66646566643333636563663464303339383464346435333461366234646234346539396463376137
61353237646463393333626262356238343132373931353061326233626635376437303563626563
63393432653263623130316438383166333630356236316163663364626139623463316539353661
31613663613134346138643265363534396336356538356439316434366361653665386132666663
63336334643462396633666364623837653132643035613564623935613065653833656536323039
32396261643334666332383262636135626437323266326530303334393032626336333236663433
65313539353632366330313836353035386137386565363235386231373039666262396264623133
65656334623633646134653534383239316563636564613936633062366638663834623734623731
37333437336632643765323933393764306535333062316366623837343931373630383536666633
34306262316562303138636239303337333831373538646366333533343261386534613530613865
36616639363966343132613938346137346636663965393533383833616466626263323961623831
36326233666463303333313333663238613731393230633939316431366663643337316163353538
36653665313834303761623432666635356439653866356638363761316663646635623639623661
38626331303133616133356133333464373538373533313432333339303434656530623330633935
32326462653338616639333831656565653133663861653733376136363264656535633536366366
30636462616131643533303432663337336335303164313165623365636434306137653132303035
66346166613063356639376331636662653166376565643235643965326465323963643738306435
36373961393866636137396665666363336533376564313165386666383163666266376237656565
38393765393662346231336562376337626462366265343932653532653630623765656337633239
37616235303761653133353234643764636439646439613162346336646463636363393332336638
65306662313239346663376139636136363564623834356437613661656639336164336663316366
33633730646564316534336264633266343930333632383130396439316162346165666166323863
30613565666533353435353936363266363638303061323539376332363262633766326138323962
64353039373933653931346331353465653132626565363662353366633339313735626636633165
66353238353638376363343136343365373063633633373136336366656563626662646430613465
66636264333430663634363863333133623739343836363238373837363337333831333838316337
31303838373134373131376338373337303936313238666364666234333933376233623765323665
32396532366130643639323462393630346663393763393633326435383266393034323937633965
31386364326639336639656261646530316330663732303536373761666137336562613733323066
35616438336362323634323830386434643830346135333237623738373033383365333836373435
63386630383131666537366164393862363561356564643737343335633031336639323531356136
37663166353961313232343065356565343230646666383063656536383736386137303233353364
33656339313065346562613530356664653462363964356664663063326366393266393365383662
65373261383834366230303136323838333035396261303032653439316264653865353264653861
65666630343262303136343936363161663036313536656139376539633062356634646265633434
37613338626533643237383736663061346662373265633666633064666130323533393631363363
64666264333135333062346563366435663866363863323263393234643133656164383434663866
30313766613935393461393139356261633738316564663238653732656532383032373764313363
61306438313932326534623737346238626464366638353335623863303733616134623431333663
31363438393339383362663764346263376362366464356664373766353239393037373565383531
63646236336336623839646261383737666465326666323031333739613837353461313139313036
34633033636334636562613538613564373161636331663234373466633163366334643834666434
38393231656262653162653132356166626663613733666636363262633732613337316435626533
35363061366162363961336630326137323832653832363962323632643937636632613539363337
31323163616234616530353865306638663264373366646330373363313762316363393935663366
63316637343438393762666633363039393161346364653961313430613362633766396236333531
35363364303835363362613366303236313032306334383962356337613665386164613062306638
63623231346565366536653039373932366336623334316534666237613964666264633861356434
30363561313531316361353136306163303034363633303430323265623039346665343661633731
64376336353632383838306438326237383737306533636637353562373134333134616433646463
36326466643133623437613033353161363937643330383133363364616339646530393331376537
32626134333734353538353035633265646335326131313062343062326337306438333632373865
62623833333930383736656330643461393664303966346166383532656531663531646432653363
33633233623632336633316630346535643932306361393533373837363363393030633930323861
39356335343937623765643530346630646334353837613863633665623936623830303764346332
64383434653434313235666662353037373061383339643534336334373034313531383161386336
34633836633032373532366336353933636361393931386566326461663164633363383531616162
64353536333631323666303431666332323336326166663835333337353563326363323361663539
34646633363335663434323833346661393333656135383232616464366531316235636332326139
62353836326439663037343736333661303365306138633433396637663762663232343330386162
61343664386336343335643039366137396363646230326262393339323262396663616334346666
32383435643864376339353136613836343935323033303634613363326430313738613638636634
30313032363839303932613061313762316436633066396565313730363439363035343334303466
64303232653032313034666165363761326333383239343065343963653437633832613737393034
38353261373838613764393561333636656137646135326333323862383766376362363636666337
64393631643130663038616132396430646564643264653237316164306239613933376264316434
303137363663323163386439663039666362
