$ANSIBLE_VAULT;1.1;AES256
30653163623236623364326331353935636231333538376539633761363064396537633931326433
6465393536333766313338303536633161386136636331390a363164373665383131306635323635
62626165303635353836383563633830333664326432613734396637383634396430373462663437
3265326462346631310a353163376236336136313731373334653432373138303364666264306535
34363662363436633663326665663837386537626665306134393839623466326131643539643564
33333834353034613937663736653735346335323733316164643466353065633065646465383037
66316633303637393461396464333461336261393734386331306665336231336433656131653062
61343539386230373035666361373732623036376631653765333964616361343566613736353138
66356163333135333934316134653965316138353837623034326666623564343737666634613036
33333163366330636239626133323761346433363033356334343066393939326465653064303063
34363934653465613261383332393033353536643333613839323131323362323737393635643936
30383066646631313565343162323361373866623561306464646132636565633462626364633432
63383561636534666234313331313964356130313232363431643535343837626333633363623739
37343533363665643336303034363234363238323531383739646464663766656338303538346462
34396631656130643537333561386433616437313133643238343933656565666264613630363639
39346438663832663434336333316138383363373865643562363638616662653632376565626337
36383834333137613334363636333064313938656633333265356663346534323462366632346333
63636461386438363162333334333730313337303535663734393564303733363165343231326238
34353366313533343463376130633266303334333835313537373038333866626665346632353366
37386535313533343664393135643539653764643364623164663236643733363566336662643931
31633662653737306237316231653637316462323634343865643830303231333432373536363262
39333566386232323537623961333366396237616466306131663234316234393734396336663936
63303837623037636566323839643463313438316133336437326137366262356365656132326537
33363334346339363433346461623738653464333466353937343735363562373438353934393430
62313264653966353063383661653962626635663633376430613461356138356635623663363734
61353138646431613063613564653837313366386565306164653861663030643062323132313336
32396234633831353162643631653837373961633561653133646232323263323965343531346536
37333738383564623065346664363266356134353535383439633064343833376337373931646166
32656230346361316336623265666436303130356136626362363330346562663430623036326132
64303061383532396164636334636237336262303162636231376531373033613063653232353131
30623063656666303939646131313762393962353932613663343332336266326137323164396564
38623864373965653534383634653936386439306337316330393066646130343034636433663937
33346432646637363639396262323738313032393165393132383963346237393362613832623630
37393536666430613063383065383964336431346464386636666336643466386162366466623832
38386337643935646664343361623363383863333666616465336430333633373533666234623065
63336330613766656234353531313564343264393961643465316534356436333233626333323631
32323161363637353031373838643237373030313466316435316235363037393733306632326235
34313337613336626230663562633363376361623839333766343635653766646135613536313039
62323566353134353538626237313963643033393930656361643533396362356636303533333564
33393364303239313466663331376138333063613634626536326239346331306162646333653434
34646364613466363166643530613661663335383962666434366336663632306162323161373939
64363732666538393736636563353462613337336263383430646136313863383931633032653739
61623732316634316139363430386462366635616438353038653766663965666365353565656163
63363563373565336366643634663039653237653936343431383935646536623362353561376330
65356431346135656463366466376362383665373665303031643732363937373762383266366364
32663639343932633564373034326264333061356163643336613736616233323834643130366163
63303731333061393332306262393465613637313162316337633438653631623761353333663661
32633334346165326238353135323466333462313338353635373437656132353436343562326331
39633962373434346664313065366165353333303765623165386531306231626263613463313333
66656565323062626531393563333266393665383361353265353032336536353633613865323834
63373834363462653939343366633832323938326665336434636461633230633535383337373632
37633163303238656466326136346138656438633865373430306138333762376633346231346533
34646663366264646635643966613633646231643063666233336530393635633132323134636130
64663737666638353863623435303661326463666364353034633066326464383337633765343661
36323964396335643764653837356163336661363935653038333933396232356161353062656266
61336463643464353261303839383639613339346236356533396139616132373431316161313062
33306137303930653538393937356336353637623136326464353861623363356132376137306165
63313733383636626464393662336432326232373162306631336164643539336463363961303965
66306433353862366235393236306538616464356131323833323561346434383163323032303662
31383935363131366632353363643339356265316563613665636237616239313365386439326532
30343865333630613864353638653531383561333162373136336364306338356230383865616265
33313132636639636661306333636463373034613839373232653163633065663364626632613665
65623665313631333238316139303638323933323931666366336166613932386130663438313564
61303634306138663230616663646132643534656461656339333031396663373261366562353232
62396337333566383032386466613335343030653935653930613535393134383033343337376564
37353736363034306266616136313633613265636162316134656466333365653262353032633533
33396161366564623634643762303635396331333963313463323464353639633938666632333339
64333130346531656136636436613239643333333535393338383038663332323562366636626666
30313431376565653238313234396464616137343962623265613530393532313532646661363865
61663431633963333533393338373863393036383931363865326264633437356430383437323836
66313034633936363034623933626639376564316662613266353334613839656233303461363838
37376436663432343833373465346236653062316431643435326166336631353937656362346262
32653961666330323463316638613031376561316339366637613264353065326534656530306336
38663538633333313738383265373730616531306439336637633063303463346635373435393162
31666438366263653533373634323937396164343639313738383539623565376664303133613238
32343366326365323935643935393133393838663839633932633264636132633933663066636537
30303238353635383733633766626364333764646437373062653333326461653561393434636565
38656666303662313339303434343532353865323931393439653634616537663439626530303036
63656465313831666561633137376636616333363562376533636561653265396332656564613530
39306333656230666438646265663563363835396561323834326662313966613137623438383430
64376234633566306232333133386233333438393137653639653734303365343630396538306534
66393565323137333839653131386438306430626337356661653664663232333363306637646466
64346236393936313133636462343230613733663662343830376137333236363834633139626465
31626339343564303436613664316663633435613139306433323963323534393265653833373335
38376462643565353334356538353139636263373935656262366163303036663663353763656136
35313631626432663464393131373134623238336132646234666338653633363438656530356336
63643165366133666235326266323539343132313239663939323331616561306330633930326530
36633162666535666564346633663936363632613731633936613761333732623432303336363432
61663234393861636464376332616165366334626436626639326239363762313463336334343762
39393066353135623839323134663565626534363062643061356232323262326132353163656135
34363134343064386336363332333264323632666636383136373533376133346266393235633165
63366630636132623631306465346231353366616563383735643037646365323531646535656632
33613434373066376233346364646639643131313166326461613530643838303035303966356237
38623865323438393234393761666566363666333561353030643237383534633132653936633538
66653030666538356536646466376662613165363330316661646539356333393537626564303263
62346632393063623731323161353737336633386262613366323234386534623738623138363363
35623765366631623331656132623133326236636239636631353865643436613138386639376136
36326665323835363733366563313761653932313132633430653038353037343431333733626439
35636137336632646231303333613139363338386636623331363438386634613432626365663231
63656233643038313539353763356430306633656562333266303733363936323462626234636635
65353866323436343162383066633036306636316531613534346337613236356563613235343230
34613166336164303230646662363636636563323331653130613662656665396332323931313835
33306434323132633361383536336331623735373261383066323732393834396465343963666661
34613962633465646632343134306261376334323135313236313533396261393235393636383137
33636432653266323439646365376531363436323939323762616663353634626533313734366265
39303437653335333466356538643830306665613632663130366334313536346132633263323035
65663731616630653436396365623663393630393831303563623430323763616532633463646137
66396131313761353361363837393362656133356433306136376438313934633039326330623163
38313934613864643739343164333937343034383637303863326136333332646539343031633334
66316265353662656338613334623336616664353062386234336466366461303865323433646461
36396230313538336431383932333666613036643430343565313438656435393461653134663939
35653731373963323634373233303238633866373836303330363031336465373932393032303664
61333164363634643531623233336162386237373731306262353632343439656139656436643238
66396637336661356239376334313461623563303565336636653934386235656364396666646433
38623939663335643233333461383562316538613437383265663661623866373938346234323635
31393039363834613739663839336135623635623063613437386234633264356661383837663538
64643735646562363762363634656631333465633363373237343465386464306434616530303137
33623738656632363534386338333636303137326537316639333865383539633163626539376466
32396262363266663364613130333031636637613533366338633430663361616363633038356663
31323535376237653764333564666633623539333063353334643464343261393536303065636533
64306438626434326663323831363339396637323238333062313037626334366461356334313761
38363462616364376439326363373739666464346237643364646539333631393231376138326334
61623665613132613939626432613738643832613866363461376361366530653162633136346631
39323536623263383431353436386464636362656163393931613332363634653637393633333033
35383462353034376333613265643566633463353965656562393661393333353136636261343432
61363038323532316130633239393538336163623736343965393036373662333031363062663935
63646437313437636266386262313362633462393230396338623932343839346164376130653632
30373466313730393230306463653539326161366364656438643735636261616566306433306362
38616533666636623364323334346662316166373966333137386164643261306539393764386231
35373239633937396230313933653364393264653133626639323239396666636637653162386238
33383638663163336331346633323939336138333234373439356666336362383633353138333537
35303537623964326262636238313130383661366262356361346537616162626633663438343535
65646238333135373161333265353134303466376464316135613134663638633339623537356338
66393230643132646264656665393030313463633136396466323963373962343963313834303438
37623163623331393932633635613662316134646165326662343434623735363734393963353763
31333638316537303039386565393661353933616537663834633261396431363135346265613162
35666563313464323835633530326364653337336164613834393734363833363264333261393363
38343561656363336234356433376338643336393861373137656161303634373465363166633233
66346237346235613939336665636634613662653137616433373038613262353563613937306239
31386431353636663064346561313631343365656637356666623834376362373737396639386238
37376433653231663437313565643561633366653464656364306438373239613432663932643339
38323432306362373438366433633264396266346131376437323062303536386437326233653336
37633962323234633038656331376635663233376332316638383132336633366233373631376463
62656135356530353534656230353431663264323831373765383430616236626633313631653063
31623736633739623335666437613963333133373839636164376162633835613139376366333332
65353739633038643932306633303137383863393830653266663963616438653731306531376437
34623664376130356665643262346435306566363566313435386366366332373161626366333433
66353532303563373636316437626632306330633538656437626537383062343034383731366166
31613437636132666530613731643536326365643162306438363939663038336365316237376433
36366364353435343131303764333438306364303833323866356337643938356434356531313833
33663739333634633336653261633936333361323336646539656463636537663031646631383861
34613938663361313135316361353432353631353065313030613035386661643532656166303535
61656664653637363830393836376563396334373731353564653831383336366564663365353630
38653236303436336363303930646434636531363162303864616261333439383131646133623035
37653836663764383637383932666238343135313430303266316664636131616564653231356632
66313837613530623333636439386266373432343466373761353465376530336664313633633131
62666266306564633733303464613433323632616531333334393934346262323035663733386363
38356261333835333438353566353732353831386166316236663937653435653966333134383335
38643266376235613264376531353265336166633730303730636265653066613362343764303266
65356361323132313838343164343066653265666430386537393761326336363664326333353265
63666534663164386334343538666562393038666630383064333264656263646331663863343639
38386462663939363462623135373662326431343663353235386339363166346337316331383039
38646332363538396534656230616339653838663936353662643339633165653530386463393433
65313964346131356232636133353266656161653139636162363463396335356533386433363061
64656531373530343933363131336332643039306339343434663632363031663161613233633864
62356530653362626639313734343538623862643637333333373566613438303331333465356465
34636231333337336161313964363634303036353461653363653736636335343161623662363164
38343033623761373466383132336662663233636635656666613166376431373338346165323135
38663635383035646634653931316637393834313764393433383234623833306434316131636539
66396634333466663337366530336234383938663738643631386230326531633732633965393638
30623234306231363762316438343531323562376238383639303738313130643833643861356139
38353135393661323537383537383737363134653537633938383532613462623466386530353232
39393839663938396139316138313636633639386234616663343439353833636366
